
  -ISIS-  12170917212D

 25 27  0  0  0  0  0  0  0  0999 V2000
    3.1187   -3.6583    0.0000 C   0  0  0  0  0  0  0  0  0  0  0  0
    2.4042   -4.0708    0.0000 C   0  0  0  0  0  0  0  0  0  0  0  0
    2.4042   -4.8958    0.0000 C   0  0  0  0  0  0  0  0  0  0  0  0
    3.1187   -5.3083    0.0000 C   0  0  0  0  0  0  0  0  0  0  0  0
    3.8332   -4.8958    0.0000 C   0  0  0  0  0  0  0  0  0  0  0  0
    3.8332   -4.0708    0.0000 C   0  0  0  0  0  0  0  0  0  0  0  0
    6.6911   -4.0708    0.0000 C   0  0  1  0  0  0  0  0  0  0  0  0
    9.5044   -4.0783    0.0000 C   0  0  0  0  0  0  0  0  0  0  0  0
    8.7856   -4.4833    0.0000 C   0  0  3  0  0  0  0  0  0  0  0  0
    9.5044   -4.8883    0.0000 C   0  0  0  0  0  0  0  0  0  0  0  0
    4.5477   -3.6583    0.0000 C   0  0  2  0  0  0  0  0  0  0  0  0
    5.9766   -3.6583    0.0000 N   0  0  0  0  0  0  0  0  0  0  0  0
    7.5161   -4.0708    0.0000 C   0  0  1  0  0  0  0  0  0  0  0  0
    8.3007   -5.1507    0.0000 C   0  0  2  0  0  0  0  0  0  0  0  0
    9.3626   -6.1069    0.0000 O   0  0  0  0  0  0  0  0  0  0  0  0
    8.5556   -5.9353    0.0000 C   0  0  0  0  0  0  0  0  0  0  0  0
    8.0036   -6.5484    0.0000 O   0  0  0  0  0  0  0  0  0  0  0  0
    5.2621   -4.0708    0.0000 C   0  0  0  0  0  0  0  0  0  0  0  0
    5.2621   -4.8958    0.0000 O   0  0  0  0  0  0  0  0  0  0  0  0
    6.6911   -4.8958    0.0000 C   0  0  0  0  0  0  0  0  0  0  0  0
    8.3007   -3.8158    0.0000 S   0  0  0  0  0  0  0  0  0  0  0  0
    7.5161   -4.8958    0.0000 N   0  0  3  0  0  0  0  0  0  0  0  0
    4.5477   -2.8333    0.0000 N   0  0  0  0  0  0  0  0  0  0  0  0
    7.5161   -3.2458    0.0000 H   0  0  0  0  0  0  0  0  0  0  0  0
    6.1077   -5.4791    0.0000 O   0  0  0  0  0  0  0  0  0  0  0  0
  1  2  1  0  0  0  0
  1  6  2  0  0  0  0
  2  3  2  0  0  0  0
  3  4  1  0  0  0  0
  4  5  2  0  0  0  0
  5  6  1  0  0  0  0
  6 11  1  0  0  0  0
 11 18  1  0  0  0  0
 12 18  1  0  0  0  0
  7 12  1  1  0  0  0
  7 20  1  0  0  0  0
  7 13  1  0  0  0  0
 20 22  1  0  0  0  0
 14 22  1  0  0  0  0
 13 22  1  0  0  0  0
 13 21  1  0  0  0  0
  9 21  1  0  0  0  0
  9 14  1  0  0  0  0
  8  9  1  0  0  0  0
  9 10  1  0  0  0  0
 11 23  1  1  0  0  0
 14 16  1  6  0  0  0
 15 16  1  0  0  0  0
 16 17  2  0  0  0  0
 18 19  2  0  0  0  0
 13 24  1  6  0  0  0
 20 25  2  0  0  0  0
M  END
