
  Marvin  01211005432D          

 22 23  0  0  0  0            999 V2000
   -1.8707    0.1000    0.0000 C   0  0  0  0  0  0  0  0  0  0  0  0
   -1.8707   -0.7250    0.0000 C   0  0  0  0  0  0  0  0  0  0  0  0
   -1.1562   -1.1375    0.0000 C   0  0  0  0  0  0  0  0  0  0  0  0
   -0.4418   -0.7250    0.0000 C   0  0  0  0  0  0  0  0  0  0  0  0
   -0.4418    0.1000    0.0000 C   0  0  0  0  0  0  0  0  0  0  0  0
   -1.1562    0.5125    0.0000 C   0  0  0  0  0  0  0  0  0  0  0  0
   -0.4418    1.7500    0.0000 O   0  0  0  0  0  0  0  0  0  0  0  0
    0.2727    1.3375    0.0000 C   0  0  0  0  0  0  0  0  0  0  0  0
    0.9872    1.7500    0.0000 C   0  0  0  0  0  0  0  0  0  0  0  0
    0.2727    0.5125    0.0000 C   0  0  0  0  0  0  0  0  0  0  0  0
    0.9872    0.1000    0.0000 C   0  0  0  0  0  0  0  0  0  0  0  0
    1.7016    1.3375    0.0000 C   0  0  0  0  0  0  0  0  0  0  0  0
   -1.1562    1.3375    0.0000 C   0  0  0  0  0  0  0  0  0  0  0  0
   -1.8707    1.7500    0.0000 C   0  0  0  0  0  0  0  0  0  0  0  0
   -2.5852    1.3375    0.0000 C   0  0  0  0  0  0  0  0  0  0  0  0
   -4.0141    1.3375    0.0000 C   0  0  0  0  0  0  0  0  0  0  0  0
   -3.2997    1.7500    0.0000 N   0  0  0  0  0  0  0  0  0  0  0  0
    1.7016    0.5125    0.0000 C   0  0  0  0  0  0  0  0  0  0  0  0
    3.1306    0.5125    0.0000 F   0  0  0  0  0  0  0  0  0  0  0  0
    2.4161   -0.7250    0.0000 F   0  0  0  0  0  0  0  0  0  0  0  0
    2.4161    0.1000    0.0000 C   0  0  0  0  0  0  0  0  0  0  0  0
    3.1306   -0.3125    0.0000 F   0  0  0  0  0  0  0  0  0  0  0  0
  1  6  2  0  0  0  0
  5  6  1  0  0  0  0
  1  2  1  0  0  0  0
  2  3  2  0  0  0  0
  3  4  1  0  0  0  0
  4  5  2  0  0  0  0
  6 13  1  0  0  0  0
  7 13  1  0  0  0  0
  7  8  1  0  0  0  0
  8  9  2  0  0  0  0
  8 10  1  0  0  0  0
  9 12  1  0  0  0  0
 10 11  2  0  0  0  0
 11 18  1  0  0  0  0
 12 18  2  0  0  0  0
 13 14  1  0  0  0  0
 14 15  1  0  0  0  0
 15 17  1  0  0  0  0
 16 17  1  0  0  0  0
 18 21  1  0  0  0  0
 19 21  1  0  0  0  0
 20 21  1  0  0  0  0
 21 22  1  0  0  0  0
M  END
